flux
0.616639918794
0.690092602945
0.618947495919
0.694860470133
0.793504048584
0.654248357226
0.620396587281
0.682652823172
0.6820644188
0.637433165012
0.68263971925
0.661818960119
0.650701651951
0.676048784263
0.660371701873
0.632552364046
0.607738853476
0.729364691802
0.641268121995
0.677939285223
0.634286216219
0.721818680722
0.594227414136
0.670773267836
0.701907067906
0.683760653446
0.683272584784
0.715335942224
0.647673893671
0.675252716749
0.698910778503
0.642051233772
0.661993867665
0.636135417362
0.662032379936
0.718526546694
0.652862072104
0.67324605809
0.642564619048
0.663318291874
0.651567365475
0.643392981558
0.732223536691
0.759545925242
0.66121004189
0.695423734062
0.618923801706
0.691558437278
0.783779532756
